&input
a  =5.0  ,
b  =1.0  ,
k	=5.0	,
ANGLE	=0.0	,
ANGLE2	=1.57079632679	,
ANGLE3	=1.57079632679	,
A1	=20.01	,
A2	=0.394	,
A3	=4.086	,
A4	=3.851	,
/



